sjTREC,AGE.V0,SEX,rs_TREC
2.33429287154846,27.25,Women,AA
3.14505648914935,22.33,Women,GA
2.42148875776063,28.83,Women,AA
2.73293227267177,23.67,Women,GA
3.24428701913877,21.17,Women,GG
3.04955912006381,22.5,Women,GA
2.53539540140561,24.25,Women,GA
2.48134228485248,26.17,Women,GA
2.88603362947563,23.83,Women,GA
2.74944256517406,20.25,Women,GA
2.64221712947388,26.42,Women,GG
2.87729646105505,23.33,Women,GA
3.14524303508711,21.67,Women,GG
2.88378063688642,25.08,Women,GG
3.42081852595147,27.83,Women,GG
2.84013119745852,26.5,Women,GA
3.1882533270265,21.08,Women,AA
3.21276805190317,21.67,Women,GA
3.25808628432798,23.25,Women,GA
3.2916352070879,21.83,Women,GA
3.21062078846615,24.25,Women,GA
3.21751289621431,25.83,Women,GA
3.25735933510046,22.75,Women,GA
2.60882544377995,25.75,Women,GG
3.1451248986307,22,Women,GA
2.77587975084363,25.33,Women,AA
2.96995146039835,20.5,Women,AA
2.95978525972859,24.25,Women,GA
2.82530925151195,29.83,Women,AA
3.3646747938449,20.17,Women,AA
2.65731405694524,22.58,Women,AA
2.53769319436739,24.67,Women,AA
3.19337229827299,21.17,Women,GG
3.2231817231215,24.33,Women,GA
2.8304667668642,24.58,Women,AA
2.3230663763639,29.42,Women,GA
3.26448961786761,24,Women,GG
2.85597925190287,22.58,Women,GA
3.22082434459347,25.17,Women,GA
3.23674881515428,23.92,Women,AA
3.2476222538664,20.75,Women,GG
2.57297609899514,21.42,Women,AA
3.05559618856741,23.42,Women,GA
3.02402157032084,21.08,Women,GG
2.41922856370902,21.33,Women,AA
2.85125223185231,25.67,Women,GA
2.34216597641276,27.83,Women,GA
2.96687823473464,24.5,Women,GA
2.40433758531093,24.92,Women,AA
2.38133172245789,27.83,Women,AA
3.03523356089129,23.33,Women,GA
2.95010186106268,25.33,Women,AA
3.19366434697445,22.83,Women,GG
3.14201696460331,21,Women,GA
3.11122889823416,22.17,Women,GA
2.55110828364363,28.67,Women,GA
2.98603235689041,26.75,Women,GA
2.91144526685177,23,Women,GG
2.91075243352922,26.67,Women,GG
3.03865194812273,20.25,Women,GA
2.7681198941848,22,Women,AA
3.12380592335223,24.5,Women,GA
2.74356463601594,20.92,Women,AA
2.99816776065542,20.75,Women,GA
3.13329614655821,20.67,Women,GG
2.75585961700227,21.75,Women,GA
2.82599701164794,20.58,Women,AA
2.71774537490692,23.17,Women,GG
3.20411455394097,21.75,Women,GG
3.03171135475459,25.92,Women,GG
3.15834439611483,20.75,Women,GG
3.05255159002519,22.25,Women,GA
2.83078748770256,21,Women,GA
3.06522481502241,24.25,Women,AA
2.87783189149289,25.83,Women,AA
2.84405448048474,22,Women,GA
3.12583246301854,23.75,Women,GG
2.63947652827174,28.92,Women,GA
2.92059286208481,27.17,Women,GA
2.5837200679322,24,Women,AA
3.01913291384115,25.92,Women,GA
2.96863702571286,29.5,Women,GG
2.85553732660489,24.5,Women,GA
2.98078939226531,28.5,Women,GA
3.25039560305712,23.83,Women,GG
2.94111870060553,27.58,Women,GG
3.21470082509737,22.75,Women,GG
3.03534967652299,26.42,Women,AA
2.77328898805301,24.17,Women,GG
2.52663646060016,24.83,Women,AA
3.11663762560806,22.92,Women,GA
3.15320490008428,23.33,Women,GA
3.08692546890544,21,Women,GG
1.94453202099198,26.83,Women,GG
3.23137018066919,20.67,Women,GA
2.56444116692606,23.25,Women,AA
3.09242938029944,22,Women,GG
3.13699627247037,26,Women,AA
3.04840295615274,23.25,Women,GG
2.05495759601241,24,Men,GG
2.98798338068734,24.17,Men,AA
2.8053785044509,27,Men,AA
3.02330597129671,21,Men,AA
2.67138577074518,20.42,Men,AA
2.61718912377195,23,Men,GG
2.2150291780943,26.17,Men,AA
3.16239113207155,23.33,Men,GA
2.58103894877217,27,Men,AA
2.76255103194392,26.83,Men,GA
2.73087913352247,23.25,Men,AA
2.96222249373854,20.92,Men,GG
2.46853932294295,25.5,Men,GG
2.97297536174687,21.25,Men,GA
2.57536106615521,28.75,Men,AA
2.84280886934605,24.83,Men,AA
3.07959362995408,24.83,Men,GG
2.90431513918948,23.17,Men,GA
2.80925661273958,25.92,Men,AA
3.21930154016509,25.58,Men,AA
3.43288594961979,21.5,Men,GA
2.7506780682495,25.08,Men,GA
3.0021790255774,21.83,Men,GA
2.71576107338056,29.25,Men,GA
2.86207768574211,29.17,Men,GG
NA,23.58,Men,GA
2.84450824004825,27.75,Men,GA
NA,22.92,Men,GA
2.99554306175362,23.33,Men,GG
2.69480694546242,22.75,Men,AA
2.75036180536938,26,Men,AA
3.1409414926435,22.92,Men,GA
2.95674934302996,22.75,Men,AA
NA,23.83,Men,AA
2.65834534091186,29.5,Men,GG
2.79199924625547,21.83,Men,GA
2.72242001273106,24.17,Men,GG
2.69562174889325,26.58,Men,GG
2.68904233902817,24.33,Men,GG
2.52263981760416,20.92,Men,GG
2.82418443041818,20.58,Men,AA
2.83783455285778,26.83,Men,GG
2.47826339369816,26.75,Men,GA
2.98011249994061,25.5,Men,GG
3.20061250077524,21.67,Men,GA
2.71923181884223,24.83,Men,GA
2.97952561234229,22.92,Men,GA
2.87454559458247,22.5,Men,GG
2.68724349938074,23.92,Men,AA
2.63508143601087,29.25,Men,GG
2.79951285434848,24,Men,GA
2.74840511997843,27.58,Men,GG
2.54712215852201,22.58,Men,AA
1.96829611504626,23.17,Men,AA
3.26497829349382,21.08,Men,GA
2.29554510981174,23.08,Men,GA
2.11849619991179,26.25,Men,AA
3.05077790256808,24,Men,GA
2.93082682091949,27.5,Men,GA
3.04122288230622,28.67,Men,GG
2.32420011678538,24.67,Men,AA
2.98569137129871,24.83,Men,GA
2.435159270818,28.42,Men,AA
2.36511343162758,23.58,Men,GA
2.46565048474369,29.33,Men,AA
3.11328807575527,26.17,Men,GG
2.21136085915512,20.42,Men,GA
2.85086669545668,24.08,Men,GA
2.64084899067857,29.92,Men,AA
2.93402855309216,21.25,Men,GG
2.56549362986886,23.83,Men,GA
2.87988687126544,23.17,Men,GA
2.96547922202737,20.58,Men,GA
2.70180104280967,25.92,Men,AA
3.00638901767863,23.33,Men,GG
2.96124069386805,26.17,Men,GA
2.68036271263476,28.67,Men,AA
2.58622711847495,29.08,Men,GG
2.13052674538416,26.67,Men,AA
2.18295646905535,29.75,Men,AA
2.20997051670934,26.67,Men,GA
2.85271781453166,29.17,Men,GA
2.89534518389822,27.83,Men,AA
2.95485009650222,26.33,Men,AA
NA,24.58,Men,GA
3.27757254409261,20.92,Men,GG
2.82094326548182,22.33,Men,GG
2.86710788225687,26.25,Men,GA
1.81244540287276,21.92,Men,GG
2.5729877081982,21.67,Men,AA
3.34290211408893,26.92,Men,GA
2.42992983624063,20.33,Men,GA
2.73416752302826,23.17,Men,GA
2.79732294967002,28.67,Men,AA
3.08949887381563,22,Men,GA
2.92102542894102,20.25,Men,GA
3.31272728377812,37.67,Women,GA
2.33417217272461,35.75,Women,AA
2.79096739232069,39.58,Women,GG
2.11186714680447,37.58,Women,GG
2.7871840817774,30.75,Women,GG
2.46819958607261,39.42,Women,GG
2.83349134992782,30.25,Women,GG
2.67723271434346,31.5,Women,AA
2.87994413356816,33.58,Women,GA
2.79761373015308,38.58,Women,GA
2.79828455148034,37.33,Women,GA
2.64679568877847,30.25,Women,AA
3.00628629699652,33.92,Women,GA
2.46496620489096,37.92,Women,GG
2.93672983064106,37.67,Women,GG
1.99166900737995,37.92,Women,GG
2.80061398982633,38.25,Women,GA
2.9970585737274,38.67,Women,AA
3.36054797497397,32.83,Women,GG
2.72759818328578,35.75,Women,AA
2.82727878561066,33.58,Women,GA
2.5660719889377,32.83,Women,GA
3.11668410404153,32.75,Women,GG
3.16130210427982,31.58,Women,GG
2.71514225339561,31.25,Women,GG
2.73559091627036,37.08,Women,AA
2.85371037671734,37.17,Women,GA
3.03135594174309,31.25,Women,GG
3.07777838300898,35.75,Women,GG
2.979065556998,30.5,Women,GA
1.71079409993033,35.17,Women,GA
2.81602244000101,36.25,Women,AA
2.49630680511137,38.58,Women,AA
2.6045824172312,39.33,Women,GA
3.13278462506931,36.25,Women,GA
NA,34.83,Women,AA
2.79192211750174,37.33,Women,GA
2.69893525938765,33.67,Women,GG
3.10725407544148,32.33,Women,GA
2.87976086761675,31.58,Women,AA
2.71457282954816,35.5,Women,GG
2.55655576535341,30.5,Women,GG
2.90255765012867,31.67,Women,AA
3.19074898072017,34.92,Women,GG
2.81845024313935,35.83,Women,GG
3.32127937505052,32.17,Women,GG
2.59354080793499,34.67,Women,GA
2.63231554125099,33.75,Women,GA
2.54683867245147,39.17,Women,GA
3.38763182467963,32,Women,GA
2.37888824959041,38.92,Women,GA
2.83217028649592,33.33,Women,GA
2.83167145022754,30,Women,GG
2.50529924139494,37.42,Women,AA
2.41962536088774,39.33,Women,GA
2.84052010855374,37.75,Women,GG
2.39727937885359,38.17,Women,AA
2.74395637229764,38.75,Women,GA
2.46209838113516,38.83,Women,GG
2.55836051563136,33.75,Women,GG
3.14035717649594,30.42,Women,AA
2.78156869558584,34.5,Women,GG
2.5743554199391,35.67,Women,GG
2.49817266063654,34.83,Women,AA
2.4970679363985,35.5,Women,AA
2.45183247136857,38,Women,GA
2.63088532141726,30.67,Women,GA
2.10236509133853,36.75,Women,AA
2.43335373570497,38.75,Women,GA
2.38982146291052,39.92,Women,GG
2.98898234361556,31.75,Women,GA
2.49036587857083,33.17,Women,AA
2.4788261289562,31.42,Women,GA
2.66639628617309,31.25,Women,GA
2.74534028617624,31.67,Women,GA
2.91338994363176,33,Women,GA
2.85931846509712,40,Women,GA
2.3825393234222,37.5,Women,AA
2.75210993649035,39.5,Women,GA
2.91244525948688,37.5,Women,AA
2.37038354060765,35.5,Women,GA
2.83314711191279,30.42,Women,GA
2.43698908778854,30.67,Women,AA
2.64879896327133,32,Women,AA
2.78788535094092,36.25,Women,AA
2.3183555502257,37.92,Women,AA
2.55050963583484,39.83,Women,AA
2.24718739058635,30.75,Women,GG
3.00194561757363,32.33,Women,GA
2.57497988821399,37.92,Women,GA
3.29589242407561,30.08,Women,AA
2.68543717797297,39,Women,AA
2.63819963074724,31.17,Women,GA
2.8376641806678,37.42,Women,GG
2.80888586735981,34.83,Women,GG
3.24517200788739,39.92,Women,GA
2.85199785442207,32.58,Women,GG
2.22770678206067,36.58,Men,GA
2.43939585934298,37,Men,GA
2.88611831313145,39.83,Men,GA
1.77901897191487,36.83,Men,AA
1.6707095952238,34.5,Men,GG
2.65466737346841,32.17,Men,AA
2.61612878015772,30.5,Men,AA
2.67974577829864,32.17,Men,GG
2.01857568346725,34.17,Men,GG
2.35295391171009,32.17,Men,AA
2.37230430181289,35,Men,AA
2.6239002440275,30.67,Men,AA
2.43455293703179,31.75,Men,AA
2.59178782864559,36.5,Men,GG
NA,35.67,Men,GG
2.83053734577302,35.92,Men,GG
1.82678723881629,38.67,Men,GG
2.52048353274079,34.5,Men,AA
2.70835290350362,34,Men,AA
2.68250608593901,37.83,Men,GA
0.907411360774586,37.17,Men,GG
2.71613695215205,35,Men,GG
3.09275923133254,30.67,Men,GA
2.03802374004516,35.42,Men,GG
1.67126543294716,31.5,Men,GA
3.19554820196774,31,Men,GA
2.30760299382606,38.83,Men,GA
2.77461184323415,38.5,Men,AA
3.01942372028534,31.33,Men,GA
2.64735362490147,37.58,Men,GA
2.78089310868708,39.58,Men,GG
3.10000158280135,31.17,Men,GA
2.83212554253401,35.08,Men,GA
2.50280934938904,30.5,Men,GA
2.74936522940416,32.58,Men,GG
1.62562108142491,38.75,Men,GG
2.60296021871467,38.08,Men,GA
2.69805702696191,35.83,Men,GG
2.95916068760598,32.67,Men,GA
2.53975337105938,33.33,Men,AA
2.31827208021163,33.25,Men,GG
2.54111724842178,30.17,Men,GA
2.06201759885711,36,Men,GA
1.97963941222291,37.08,Men,GA
2.0682600937747,38.92,Men,GA
2.5327543789925,38.92,Men,GG
2.51811894714315,36.92,Men,GA
2.84719001536971,34.75,Men,GA
2.56899915434908,30.58,Men,GG
2.56562353263936,38.08,Men,GA
3.05310150275523,39,Men,GA
3.09100534164193,38.75,Men,GA
3.0335966346172,37.92,Men,AA
2.68011785830715,31.58,Men,GG
2.54890510528859,38,Men,GA
2.40905350501007,33.58,Men,GA
2.18432226557716,39.42,Men,GA
2.10516942799933,31.67,Men,GA
2.42180128860097,38.83,Men,GA
1.90730384883397,35.92,Men,GG
2.52177858795453,30.25,Men,AA
3.08259869124982,37.33,Men,AA
2.3344135368371,34.75,Men,GA
2.54669069318424,38.25,Men,GA
1.70842090013471,35.75,Men,GG
2.34018623791635,32.83,Men,GA
2.43174963222693,36,Men,GA
2.7534681509727,39,Men,AA
3.03737071341542,35.5,Men,GA
2.72823200014019,33.33,Men,GA
2.33061666729444,34.08,Men,GG
2.17382703565358,35.83,Men,AA
2.4793737346402,35.67,Men,GA
2.26677246351307,36.75,Men,GG
2.74770693460449,37.75,Men,GA
2.47396844149623,30.67,Men,GG
2.76952502017105,30.58,Men,GG
1.4437322414016,30.58,Men,AA
3.09748637346133,36.83,Men,GG
2.97096486423477,38.17,Men,AA
2.09663197555816,31.5,Men,GA
2.600689804531,36.25,Men,GG
2.23202993762013,39.25,Men,AA
2.35894321963233,30.75,Men,GA
2.41141766153907,33.67,Men,GA
2.78431767586908,32,Men,GG
2.74907896725389,33.33,Men,AA
2.54126713866408,30.67,Men,GA
2.79179587726,38.33,Men,GA
1.76215319230359,33.83,Men,GA
2.11843007712209,36.92,Men,AA
2.57144095368539,38.67,Men,GG
3.05737698509758,30.75,Men,AA
2.09600573971511,35.5,Men,GA
2.5959038704426,37.5,Men,GG
2.79855397136752,33,Men,AA
2.68071614757094,32.83,Men,AA
2.07950684482477,36.17,Men,AA
2.40866387406381,44.42,Women,AA
1.94591151681927,42.42,Women,GA
2.69819627133138,49.08,Women,AA
2.8499228298004,40.33,Women,GA
2.64011357192936,43.42,Women,GA
2.89085677141454,48.5,Women,GG
2.51774996285426,40.25,Women,GA
2.13646689046584,48.08,Women,GA
2.16574868155941,42.92,Women,GA
2.02804229509075,48.5,Women,AA
3.00808467346655,49.17,Women,AA
2.58960336748826,44.25,Women,AA
NA,47.58,Women,GA
1.67596154964217,45.5,Women,GA
2.84426587954094,41.17,Women,GG
2.35295391171009,48.42,Women,GA
2.39100571835171,43.92,Women,GA
2.05869168281923,44.83,Women,GA
2.84683175282326,42.5,Women,AA
2.1167737269759,46.75,Women,GG
2.54347203170151,47.33,Women,AA
2.70435645748156,46.17,Women,AA
2.94503013021781,42.5,Women,GA
2.77637425073412,48.08,Women,GA
2.76009814945151,44.25,Women,AA
2.81471361269598,41.42,Women,GA
2.70448512080926,46.08,Women,AA
2.50425332095489,45.33,Women,AA
NA,48.67,Women,GA
NA,44.83,Women,GG
NA,47.83,Women,GA
NA,46.42,Women,GA
NA,48.08,Women,GA
2.49763445860728,44.42,Women,AA
2.67595239107909,40.67,Women,AA
2.49380646215058,48.5,Women,AA
2.37706936481965,41.67,Women,AA
2.45100307862736,42.08,Women,GA
2.03937445576847,43,Women,AA
3.07809052220009,46.17,Women,GG
NA,48,Women,GA
2.39996776558859,48.42,Women,GA
2.57004064245721,47.33,Women,AA
3.37364012367866,42.5,Women,GG
2.91864358060206,45.58,Women,GA
2.94700706068246,44.5,Women,GG
2.83755056206514,43.75,Women,GA
2.79566455384168,44.42,Women,GA
2.98767520093479,45.08,Women,GA
2.31352977320229,46.33,Women,GA
2.29488488700003,49.5,Women,GA
2.4398693080783,42.08,Women,GA
1.79253176190131,49.92,Women,GA
1.39392600658584,41.58,Women,AA
1.85168631544243,46.08,Women,GA
2.73351022966698,40.5,Women,GA
2.79770369419321,47.08,Women,GA
2.85491302230786,40.83,Women,GA
2.80817044588729,43.25,Women,GA
2.06926098628475,49.83,Women,GA
1.98376156028616,47.08,Women,GA
2.10318774885094,48.67,Women,GA
2.63139303071276,40.25,Women,AA
2.56451219971685,47.67,Women,GA
1.84726410177076,48.25,Women,AA
2.303239268652,40.08,Women,GA
1.72271616748849,47.75,Women,AA
2.25652532484811,47.33,Women,AA
2.49383432297186,44.33,Women,GG
2.40332646181758,46.67,Women,GA
2.70364383058321,45.92,Women,GA
2.37925111419932,41.42,Women,AA
2.79841582820143,48,Women,GA
2.67655644233987,40.83,Women,GA
1.91439605212979,40.58,Women,GA
2.35181562561689,47,Women,GG
2.69795256437881,43.17,Women,AA
2.05049575888386,47.67,Women,GA
2.37546242044717,42.5,Women,GG
2.45192452842012,41.5,Women,AA
1.54220278243403,47.67,Women,GG
2.3526262368308,47.58,Women,GA
3.22069634162343,49.58,Women,GG
2.51673363661639,41.67,Women,GA
2.35077118305317,48.67,Women,GG
1.80597635071756,47.83,Women,GA
2.17866045853817,47.92,Women,GA
2.37712404234646,42.42,Women,GA
2.72800458255363,40.5,Women,GG
2.4456197691051,42.83,Women,AA
2.52172633728741,42.5,Women,GA
2.34539333709086,43.08,Women,AA
3.67726650031625,44.42,Women,GG
2.89951409094703,47.58,Women,GA
2.78892454485468,43.42,Women,GA
2.21900787825689,44.83,Women,GA
2.68108739750249,47.75,Women,AA
2.57396177505105,43.83,Women,GA
2.44471602739155,45.75,Women,GA
2.10795577254771,48.83,Women,GA
2.63468882382632,46.75,Men,AA
2.55820440042652,48.42,Men,GG
2.48411469076265,48.58,Men,GA
2.59570560269354,45.5,Men,GA
2.50840850359666,44.17,Men,AA
2.66981877250509,43.33,Men,GA
2.36576868800219,44.83,Men,GA
2.30794507584593,45.33,Men,AA
2.13522809022606,46.17,Men,GG
2.36034723097577,44,Men,GA
2.15866398081399,43.08,Men,GA
2.48313065555793,43.67,Men,GA
1.76730431745327,45.42,Men,AA
2.27648478210938,48.58,Men,GA
2.27272323461384,48.08,Men,GA
2.26328091429662,41.92,Men,GA
2.40681259347842,43.92,Men,GA
1.72948876917956,45.5,Men,AA
2.68416287565506,48.25,Men,AA
2.32635634603438,45.58,Men,GA
2.37952306383055,46.5,Men,GA
2.23909918188737,46.5,Men,GG
2.04571405894087,48.5,Men,AA
2.61828872336589,45.58,Men,GA
1.93741758147714,49.58,Men,GA
2.37792518953003,40.5,Men,AA
2.74906348824751,44.75,Men,GG
2.60137543829183,44.25,Men,AA
2.67309466638211,40.17,Men,GA
2.79982283099332,44.75,Men,AA
2.21386293038682,45.25,Men,GA
2.83215750297719,44.92,Men,GG
NA,48.17,Men,GG
2.81974787445298,40.67,Men,GA
2.52742365868206,41.58,Men,GA
NA,41.33,Men,GG
2.31636879040899,47.33,Men,AA
2.12891597845384,49.92,Men,GG
2.88121912536015,47.42,Men,GA
2.79544202772244,44.92,Men,AA
1.67043140936061,44.33,Men,AA
2.51041094801018,43.08,Men,GA
3.07209174297124,48.75,Men,GG
2.7028525620737,42.83,Men,GA
2.39452172267491,46,Men,GA
2.25416122084743,48.42,Men,AA
2.90206275237921,43.5,Men,AA
3.03008133541401,42,Men,AA
2.06156556188484,49.83,Men,GG
2.73945366854229,44.42,Men,GG
2.71291053663498,43.08,Men,GA
1.93736741751729,47.92,Men,GA
1.37912414607039,48.58,Men,GG
2.4646534574495,42.92,Men,GA
2.16109835645093,48.5,Men,GA
2.42750233803328,41.75,Men,GA
2.47055748521727,48.5,Men,GA
2.20054956014077,49,Men,GA
2.49220145139254,43.08,Men,AA
2.16337012022588,49.25,Men,AA
2.17371060281591,46.42,Men,GA
2.84345703297761,41.25,Men,GA
2.42465300041526,47,Men,GA
1.79775212865071,40.67,Men,AA
1.80739971275949,41.5,Men,GA
1.80160948802732,49.58,Men,AA
2.4682439146522,43.92,Men,GA
2.09715314984596,49.17,Men,AA
NA,43.42,Men,GA
2.36404417918289,48.92,Men,GA
1.9329808219232,49.58,Men,GG
2.4854374810763,42.92,Men,GG
2.38657030170093,41.17,Men,AA
3.13541254588499,49.17,Men,GA
2.78044693293858,41.5,Men,GG
2.95786577574279,41.92,Men,AA
NA,44.17,Men,AA
2.06329582107352,40.58,Men,GA
2.13395384451796,43.83,Men,GA
NA,42.75,Men,GA
3.88724416438524,49.08,Men,GA
1.89403900080461,45.5,Men,GA
2.32748154140222,46.75,Men,GA
2.35531739878456,43.25,Men,GG
2.29329624514846,40.33,Men,GG
1.34262004255335,44.67,Men,GA
1.72361983551546,49.92,Men,AA
2.16022835719786,42.25,Men,GA
2.15797024360471,46.83,Men,GA
1.54617236831694,46.17,Men,GG
2.8362861291054,41.83,Men,GA
2.05694294567288,46.75,Men,AA
4.00632910023339,40.33,Men,GA
2.55204735184362,41.58,Men,GG
2.64804759698893,43.25,Men,GA
2.29565504943259,47.08,Men,AA
2.17336111689423,48.33,Men,GA
2.53344157408483,40.25,Men,GG
2.77693352021538,48.17,Men,GA
2.80997024865203,57.83,Women,GA
2.17312796993821,56.5,Women,AA
2.25246466119599,55.58,Women,GG
1.35525990552738,58.25,Women,GA
2.08418291142047,57.33,Women,AA
2.24753138623357,58.25,Women,AA
1.30578115125498,51.17,Women,AA
1.96950909859657,58.67,Women,AA
2.93258029581721,56.83,Women,GA
2.20379413958807,50.58,Women,GA
2.42724260223104,56.25,Women,GA
2.09590127922588,55.67,Women,GA
1.46746010950726,53.17,Women,GA
2.04450056237064,54.25,Women,GA
2.96489104350992,52.92,Women,GA
2.19002337976689,58.25,Women,GG
2.32837960343874,53.83,Women,GG
2.01944863749364,51.17,Women,AA
2.6522947007252,54.25,Women,AA
2.65936466663866,51.58,Women,GG
2.29143545492712,53.08,Women,GA
3.34793078027853,58.67,Women,GG
2.52953301232324,57.92,Women,GA
2.90646434101169,52.33,Women,GG
2.73558293269577,57.75,Women,AA
2.34099902253144,59,Women,GA
2.37542582979234,55.25,Women,GA
2.81585656351918,55.75,Women,GA
2.29690639797776,59.17,Women,GA
2.4049362937527,54.92,Women,GA
1.89403900080461,53.33,Women,AA
2.81497968376076,50.92,Women,GA
2.50309580083778,56.92,Women,GA
2.86135516019326,52.33,Women,GA
2.64290946880824,53,Women,GA
1.7326349675392,51,Women,GA
1.8806992892187,55.75,Women,AA
2.72641747026394,52.67,Women,GA
2.72897839199108,52.08,Women,GG
1.87494543608553,56,Women,GA
1.73543920325148,58.33,Women,GA
2.91506725890789,59.92,Women,GA
2.80226732321041,59.42,Women,GA
2.48640213897502,57,Women,GA
NA,56.08,Women,GA
3.27567752810104,55.83,Women,GG
2.62844002051351,54.42,Women,AA
1.67006021747313,58.75,Women,AA
1.73471984165568,52.42,Women,GA
2.2799177770239,55,Women,AA
2.46615556475221,53.17,Women,GG
2.75595865880229,56.83,Women,GA
1.47943133719774,55.17,Women,AA
1.79532376432931,53,Women,AA
2.49409891166925,53,Women,GA
2.94053640624088,52.83,Women,GG
1.75058552734101,57.58,Women,GA
2.27258414911004,52.42,Women,GA
2.08001284710793,59.17,Women,GG
2.636528014083,56.17,Women,GA
2.9677117417485,50.83,Women,AA
2.29856927373719,50.83,Women,GA
1.69090455405497,52.17,Women,AA
2.05045709478573,55.83,Women,GG
2.91477670614458,51.08,Women,GA
2.06457029224403,58.75,Women,GA
2.46017592351803,51.67,Women,GA
2.28066940788689,57.17,Women,GG
1.88694170598342,59.5,Women,GG
2.1694098981407,53,Women,GG
2.50448445522323,56.92,Women,AA
2.51650893202652,51.92,Women,AA
NA,51.17,Women,GA
2.46570993641824,54.42,Women,AA
2.15433266124231,57.67,Women,GA
2.37038354060765,52.67,Women,AA
3.5988156666718,57.75,Women,GA
2.64970472785555,57.92,Women,GA
0.902002891350729,51.75,Women,GA
2.84230962284676,52,Women,GG
2.56043272380657,56.67,Women,GA
2.63548374681491,59.75,Women,GG
2.20752665546333,55.42,Women,AA
3.03824650004735,56.42,Women,GG
2.47239072762663,54.58,Women,GA
3.00112770027703,55.17,Women,GG
2.77480153608617,58.58,Women,GA
2.14176323027579,52.17,Women,GG
3.14780921965474,57.58,Women,GG
2.6411467790075,58.17,Women,GA
2.40251930257425,58.17,Women,AA
1.90971645323434,53.92,Women,GA
1.50078517291746,55.92,Women,GA
2.38639193935011,56.92,Women,GG
2.7978143935886,54.17,Women,GA
2.76183766411521,55.83,Women,GA
2.31764554322116,52.67,Women,GG
2.24684312225132,50.75,Women,AA
2.18067055295789,54.92,Women,GG
2.83602646503271,55.83,Women,GA
2.75359837765208,52.08,Men,GA
1.72672720902657,58.08,Men,GA
2.57371846307756,57.08,Men,GA
1.77158748088126,52.5,Men,AA
1.94865743214132,50.67,Men,GG
2.40728890553139,51.33,Men,GA
1.92453771777549,53.42,Men,GG
2.06243155316261,55.58,Men,GA
2.02804229509075,54.67,Men,GA
1.88052777819881,53.83,Men,GG
1.50947135210255,54.08,Men,GA
1.25478968739721,58.67,Men,GA
1.80827850958277,53,Men,GA
1.20736503746907,53.17,Men,GA
1.35602585719312,56.08,Men,AA
1.79830528202198,51.25,Men,GA
0.806858029518817,56.67,Men,AA
3.09067767989771,50.25,Men,GA
1.91771551655949,59.25,Men,AA
1.94339557650895,60,Men,GA
2.70439934949289,57.83,Men,GA
1.71087861768517,57.83,Men,GA
2.08813608870055,58,Men,GA
1.6736658762457,59.67,Men,GA
2.64792061458157,51.42,Men,GA
1.91338994363176,52.33,Men,AA
1.2496874278053,55.67,Men,AA
2.71487438223157,60,Men,GA
2.39105866925485,56.33,Men,GA
2.05138408442669,50.17,Men,GA
1.84279639517558,59.75,Men,GA
2.01494034979294,58.08,Men,GG
1.72296280894249,50.08,Men,AA
2.11347539853674,54.83,Men,GA
1.71349054309394,59.58,Men,GG
2.68433359772696,53.25,Men,GA
1.90498588109936,52.67,Men,GA
1.89053279192774,56.42,Men,GG
1.7337588355872,57.17,Men,GA
2.24558668897421,51.08,Men,AA
1.77648325583368,54.42,Men,AA
2.03526960009944,56.5,Men,GA
1.33705972632052,59.92,Men,GA
2.53271616958603,57.92,Men,AA
2.02755345405022,54.83,Men,GA
1.77254173264094,51.5,Men,GA
2.06822297934645,55.17,Men,GG
2.29269900304393,59.08,Men,GA
2.13684734995745,53.83,Men,GA
2.14063372513482,50.5,Men,AA
2.39192262137434,53.33,Men,AA
1.80393484986384,59.08,Men,GA
2.25117570000674,51.17,Men,GA
1.3541084391474,50.33,Men,GA
1.66294661433262,52.83,Men,AA
2.10037054511756,57.67,Men,GG
2.48853661580134,55,Men,AA
1.21932250841934,59.92,Men,GA
1.66417170536193,52,Men,AA
2.16867422956708,59.92,Men,AA
1.2678754193189,53,Men,GG
2.56332680038958,50,Men,GA
2.42670640604631,51,Men,GA
1.85125834871908,54.92,Men,GA
2.26135804619412,54.67,Men,GA
2.44484079328659,52.67,Men,GA
1.86557770741993,53.67,Men,GA
2.08650219897037,50.17,Men,GG
NA,55.83,Men,GG
2.36421318363156,50.83,Men,GG
1.07114529045108,52.25,Men,GA
2.24174565257064,59.25,Men,GA
0.974511692737328,51.42,Men,AA
1.57019256109573,52.67,Men,AA
2.20506896426446,56.42,Men,GA
2.26081049106698,52.33,Men,GA
1.73980959902136,53.5,Men,GG
2.52227465601112,55.42,Men,GA
2.23653726148869,59.58,Men,GA
2.14798532068381,54.33,Men,GG
NA,55.17,Men,AA
2.36411930039076,57.5,Men,GA
3.12757125229558,51.08,Men,GA
2.01076623351843,56.75,Men,AA
2.03554980301006,56.75,Men,GA
2.29234469384059,54.75,Men,GA
2.40688067004912,58.42,Men,GA
1.89403900080461,58.33,Men,GA
2.14157518330082,52.58,Men,GA
1.53516748511494,55.42,Men,AA
1.45984464238821,53.83,Men,GA
1.83244504117411,50.75,Men,GG
3.05613081302022,52.92,Men,GA
1.54641926683519,59.75,Men,GG
2.63660823842643,51.67,Men,GA
2.51515825748739,57.67,Men,GA
2.29561107692388,52.25,Men,AA
2.03286041595214,50.42,Men,GA
2.44360715658452,50.58,Men,GA
2.17478641736734,66.67,Women,GA
1.17955179116519,66.83,Women,GA
2.68013600039968,66.17,Women,AA
NA,68.08,Women,GG
2.47067504479894,66.67,Women,GA
2.10431636451173,67.58,Women,AA
2.28757780907871,68.25,Women,GG
2.25597163872872,65.5,Women,GG
2.46404220543881,67.17,Women,GG
2.70687986594104,60.17,Women,GA
2.78950315265321,63.25,Women,GA
2.64347241669582,68.08,Women,AA
2.16616359374783,66.75,Women,GG
2.51292441896497,65.25,Women,GA
2.50291849602995,67.17,Women,GA
1.83998055767834,66.42,Women,GA
2.14460533871474,66.42,Women,GA
0.895422546039408,69.5,Women,GG
2.80013258655086,64,Women,GG
1.73423960443546,65.67,Women,AA
1.3647385550554,60.67,Women,GA
2.59182117904674,61,Women,AA
2.53759244751734,63.83,Women,GA
2.01836757838784,64.67,Women,GA
2.42878251149695,62.17,Women,GA
2.35759184752344,64.5,Women,GA
NA,61.83,Women,GA
2.45440272133926,60.5,Women,GG
2.06740565843782,66.17,Women,GA
1.76514679010803,61.17,Women,AA
1.87546641586639,62.25,Women,AA
2.28932133757147,61.92,Women,AA
1.70714418834245,62.75,Women,GG
1.64855515566267,64.17,Women,GA
1.84898920625117,64.42,Women,AA
1.89220594597577,62.83,Women,AA
1.52009032811284,67.5,Women,GA
2.26444001134421,66.33,Women,GA
1.46996920949996,63.25,Women,GA
2.85874767712327,68.08,Women,GG
2.7254787548383,62.5,Women,GG
1.96955568422084,64.17,Women,GA
1.43727479741012,63.17,Women,AA
2.01736728355353,63.17,Women,GA
2.06539296156199,65.67,Women,GA
2.05560765170871,63.08,Women,GG
1.13861843389949,62.92,Women,AA
2.05667621512066,68.92,Women,GA
1.61373614126187,63.5,Women,GA
1.6667051361199,63.83,Women,GA
2.12820534396267,60.92,Women,GA
1.53895056201436,63.58,Women,GG
1.27829620809127,69.25,Women,GA
2.33029199146816,60.5,Women,GG
2.24939405165235,61.58,Women,GG
2.32805325025268,62.08,Women,GA
1.291590825658,66.58,Women,AA
2.39905038187365,60.42,Women,GA
2.18395278626658,66.5,Women,GA
1.38667728396084,66.17,Women,AA
2.15182934013187,60.5,Women,GG
1.77553763478096,62.17,Women,AA
2.58817082673097,64.83,Women,GG
2.00026049854739,61.33,Women,AA
NA,69.75,Women,AA
NA,60.17,Women,GG
2.33963029007408,68.75,Women,GA
2.12898052396661,65.25,Women,AA
2.41064228597244,61.67,Women,GA
0.989004615698537,63.67,Women,GG
2.15390628513887,62.92,Women,GA
1.81683763090204,66.58,Women,GA
1.81157500587059,62,Women,GA
1.86195237492145,64.67,Women,GA
2.36078268987328,66.17,Women,GG
1.79295170825013,60,Women,GA
2.3767776350253,61.08,Women,GG
1.65858371540706,61.75,Women,AA
2.11287300184046,64.5,Women,GA
2.23912422409478,69.5,Women,GA
1.72884056833997,64.25,Women,GA
2.59932620720771,61.42,Women,GA
0.94101424370557,67,Women,AA
2.2478751096246,61,Women,AA
1.84596576154548,65.17,Women,GG
2.40947662080697,61.17,Women,GG
2.2487332298048,64.67,Women,GA
2.3311032263765,61,Women,GA
2.13525989851566,65.08,Women,GG
2.00633766037455,60.58,Women,AA
2.07162429853975,68.75,Women,AA
2.09412159584056,66.5,Women,GG
2.7810872678467,65.83,Women,GG
2.43593987479586,61.67,Women,GA
2.02069267868203,68.25,Women,GA
2.81698327622286,66.58,Women,GG
1.29666519026153,65.67,Women,GA
2.30747464356941,66.75,Women,GA
2.54750395589333,63.67,Women,GA
2.47863863154317,65.17,Women,GG
1.11991541025799,62.33,Men,AA
1.18041263283832,68.17,Men,AA
1.66492389343808,66.83,Men,GA
2.1867021225651,63.5,Men,AA
1.79337124891896,66.92,Men,AA
2.30289345835651,68.25,Men,GG
1.82464641471835,67.33,Men,GA
1.93996829055134,62.75,Men,GG
2.04999285692014,62.92,Men,GA
1.39863432453839,61.75,Men,GA
NA,61.83,Men,AA
1.81344754426482,67.25,Men,GA
1.87401770386219,65.25,Men,GA
1.48600518636224,67.5,Men,GA
2.27662262420171,68.33,Men,GA
1.96388222892878,66.83,Men,GA
1.10551018476997,68.58,Men,GG
2.05304000864275,63.33,Men,GA
1.98569585968984,65.58,Men,GA
2.23736777302176,65.17,Men,GA
1.31659930209386,68.58,Men,GA
NA,63.33,Men,GA
2.06265718022556,61.33,Men,GA
1.71850168886727,64.33,Men,GA
1.34908316877959,66.33,Men,GA
1.23578087032756,64.75,Men,GA
2.94636382500559,62.67,Men,GA
1.82458137623348,64.58,Men,AA
1.39304846641678,60.83,Men,GG
1.84279639517558,63.17,Men,GA
1.88705437805096,64.17,Men,GA
2.14739803934765,62.08,Men,GA
1.9114772171061,66.08,Men,GA
1.80188370712524,62.42,Men,GA
1.99255351783214,60.5,Men,AA
1.6707095952238,65.75,Men,AA
1.91089108864453,68.25,Men,GG
1.46716396596909,64.83,Men,GG
1.50772097668561,63.33,Men,GG
2.1003360759337,65.58,Men,GG
1.68681495450732,62.67,Men,GA
1.3356584522893,63.83,Men,AA
1.00346053210951,67.67,Men,GG
1.16761267272753,62.67,Men,GA
2.05625673585014,63.75,Men,GA
1.90896730041839,65.5,Men,GG
1.78418920538096,61.92,Men,AA
1.77070476821578,62.08,Men,AA
NA,64.42,Men,GA
1.41043978621035,60.67,Men,GA
2.07765854908413,64.42,Men,GA
2.00650882777529,63.67,Men,GA
2.14597290280218,64.08,Men,GG
2.13305964275391,65.92,Men,GA
1.51890857369141,63.17,Men,GA
1.29136885045158,65.83,Men,AA
1.62159167585922,60.17,Men,GA
1.40925665203891,69.17,Men,GG
0.232996110392154,61.42,Men,GA
1.8394780473742,63.75,Men,GA
2.44807218906509,62.33,Men,GA
2.0054808099794,67.58,Men,GA
2.48942406692541,63.92,Men,GA
1.99211148778695,64.75,Men,GA
2.2070685815141,65.42,Men,GA
2.27290861269025,64.25,Men,GG
1.19117145572856,60.83,Men,GA
1.46923274250661,61.83,Men,GA
1.65906007224094,61.25,Men,AA
0.998259338423699,69.75,Men,GG
1.60075514963962,61,Men,GA
2.43068766897667,65.33,Men,AA
2.68817946962427,60.58,Men,AA
2.28789126595403,62.92,Men,GG
NA,62.33,Men,AA
1.18808437371494,61.75,Men,GA
1.55047295710656,62.08,Men,GA
1.64738297011462,64.67,Men,AA
1.48458452928284,64.17,Men,GA
1.0920184707528,60.5,Men,GA
1.02160271602824,64,Men,GA
1.49954962590515,63.25,Men,AA
1.67384997734295,63.25,Men,AA
1.88052777819881,60.33,Men,GA
NA,61.5,Men,AA
1.11427729656159,65.75,Men,GA
1.91645394854993,60.92,Men,GA
1.68322720604143,64.08,Men,AA
1.46523409498801,60.67,Men,GA
1.87052095001276,64.08,Men,AA
1.18069920129603,63.33,Men,AA
2.00821680158969,64.67,Men,GA
1.89614025144202,64.25,Men,GG
2.85571899417297,66.75,Men,GA
1.86699581311065,61.5,Men,AA
1.96066100727098,60.75,Men,GA
2.18726683817929,63.08,Men,GA
2.06479481119538,65.67,Men,GA
2.32108036469724,68.5,Men,GA
2.00086772153123,62.67,Men,GG
3.01413815772559,20.67,Women,AA
2.35133239962638,29.92,Men,GA
4.11413606947704,25,Men,GG
2.77496198073286,21.42,Men,GA
2.48705348878143,22.83,Men,GA
2.5196048849304,38.33,Women,AA
3.52880361480314,30.67,Women,GG
2.68331726192188,32.75,Women,GG
2.39109396627063,39.17,Men,GG
1.99352440316707,32.25,Men,GA
1.84621336387939,46.33,Men,AA
2.46783000517898,59,Men,AA